TOF: 33.1 days
Co-States: [5.963713007227692, 12.999481348176722, 1.6584130970663207, -0.04062357612068792, 0.018558730104232632, -0.0004993971529784666, 0.12200533102974148]
Initial Conditions:  [-0.019488511458668, -0.016033479812051, 0.0, 8.918881923678198, -4.081793688818725, 0.0, 1.0] 